Start of Evolution
  Evaluated 100 chromosomes

-- Generation 1 --
   Re-evaluated 56 chromosomes
   Chromosomes in the next generation 100
   Order of Most Fit Chromosome: [21.0, 20.0, 18.0, 11.0, 13.0, 15.0, 12.0, 12.0, 9.0, 20.0, 12.0, 11.0, 11.0, 10.0, 10.0, 10.0, 11.0, 8.0, 10.0, 7.0, 11.0, 5.0, 8.0, 7.0, 14.0, 0.0, 7.0, 7.0, 0.0, 13.0, 6.0, 5.0, 0.0, 10.0, 5.0, 5.0, 4.0, 4.0, 0.0, 8.0, 2.0, 1.0, 0.0, 7.0, 1.0, 1.0, 0.0, 0.0, 0.0, 0.0, 0.0, 0.0, 0.0, 0.0, 0.0, 0.0, 0.0, 0.0, 0.0, 2.0, 0.0, 0.0, 0.0, 0.0, 0.0, 0.0, 0.0, 0.0, 0.0, 0.0, 0.0, 0.0, 0.0, 2.0, 0.0, 0.0, 0.0, 0.0, 3.0, 0.0, 0.0, 0.0, 0.0, 6.0, 0.0, 0.0, 0.0, 1.0, 0.0, 0.0, 0.0, 4.0, 0.0, 0.0, 0.0, 0.0, 0.0, 0.0, 0.0, 0.0]
   Top 3 Chromosomes
   1. [6, 5, 2, 1, 9, 9, 0, 5]
   2. [6, 7, 0, 1, 8, 7, 3, 4]
   3. [6, 9, 0, 3, 6, 8, 5, 1]
   Max Fitness Value Output of population: 21.0

-- Generation 2 --
   Re-evaluated 56 chromosomes
   Chromosomes in the next generation 100
   Order of Most Fit Chromosome: [21.0, 20.0, 23.0, 15.0, 15.0, 14.0, 3.0, 23.0, 17.0, 7.0, 12.0, 12.0, 3.0, 19.0, 11.0, 11.0, 2.0, 18.0, 11.0, 9.0, 10.0, 9.0, 8.0, 8.0, 4.0, 11.0, 4.0, 10.0, 8.0, 6.0, 8.0, 4.0, 10.0, 0.0, 5.0, 5.0, 4.0, 4.0, 4.0, 3.0, 3.0, 1.0, 0.0, 15.0, 1.0, 1.0, 5.0, 0.0, 0.0, 0.0, 0.0, 0.0, 0.0, 0.0, 0.0, 0.0, 0.0, 0.0, 0.0, 0.0, 0.0, 6.0, 0.0, 0.0, 0.0, 0.0, 0.0, 0.0, 0.0, 0.0, 1.0, 5.0, 0.0, 0.0, 0.0, 0.0, 0.0, 0.0, 0.0, 0.0, 0.0, 0.0, 0.0, 0.0, 0.0, 2.0, 0.0, 0.0, 0.0, 0.0, 0.0, 0.0, 0.0, 0.0, 4.0, 0.0, 0.0, 0.0, 0.0, 0.0]
   Top 3 Chromosomes
   1. [6, 9, 0, 2, 7, 5, 2, 0]
   2. [9, 9, 9, 0, 8, 9, 0, 3]
   3. [6, 5, 2, 1, 9, 9, 0, 5]
   Max Fitness Value Output of population: 23.0

-- Generation 3 --
   Re-evaluated 59 chromosomes
   Chromosomes in the next generation 100
   Order of Most Fit Chromosome: [23.0, 23.0, 19.0, 22.0, 19.0, 18.0, 14.0, 8.0, 14.0, 16.0, 12.0, 14.0, 12.0, 11.0, 11.0, 11.0, 16.0, 5.0, 12.0, 8.0, 9.0, 9.0, 8.0, 8.0, 6.0, 10.0, 7.0, 6.0, 5.0, 6.0, 0.0, 15.0, 3.0, 6.0, 4.0, 4.0, 4.0, 4.0, 4.0, 4.0, 3.0, 8.0, 1.0, 5.0, 2.0, 2.0, 4.0, 0.0, 0.0, 7.0, 0.0, 0.0, 0.0, 0.0, 0.0, 0.0, 0.0, 0.0, 3.0, 0.0, 0.0, 0.0, 0.0, 0.0, 0.0, 0.0, 0.0, 0.0, 0.0, 0.0, 0.0, 0.0, 0.0, 0.0, 0.0, 0.0, 0.0, 0.0, 0.0, 0.0, 0.0, 0.0, 0.0, 0.0, 0.0, 6.0, 0.0, 0.0, 0.0, 1.0, 0.0, 0.0, 0.0, 1.0, 0.0, 0.0, 0.0, 0.0, 1.0, 0.0]
   Top 3 Chromosomes
   1. [6, 9, 0, 2, 7, 5, 2, 0]
   2. [9, 9, 9, 0, 8, 9, 0, 3]
   3. [6, 5, 2, 1, 9, 9, 0, 4]
   Max Fitness Value Output of population: 23.0

-- Generation 4 --
   Re-evaluated 60 chromosomes
   Chromosomes in the next generation 100
   Order of Most Fit Chromosome: [20.0, 26.0, 22.0, 19.0, 22.0, 15.0, 17.0, 18.0, 13.0, 16.0, 13.0, 15.0, 12.0, 12.0, 15.0, 8.0, 11.0, 11.0, 10.0, 9.0, 9.0, 8.0, 8.0, 8.0, 14.0, 2.0, 7.0, 7.0, 6.0, 6.0, 6.0, 6.0, 6.0, 5.0, 2.0, 8.0, 4.0, 4.0, 13.0, 0.0, 4.0, 4.0, 4.0, 3.0, 3.0, 3.0, 2.0, 2.0, 1.0, 10.0, 4.0, 0.0, 0.0, 0.0, 0.0, 0.0, 0.0, 0.0, 0.0, 7.0, 0.0, 0.0, 0.0, 0.0, 0.0, 0.0, 0.0, 0.0, 0.0, 0.0, 0.0, 0.0, 0.0, 1.0, 0.0, 0.0, 0.0, 0.0, 0.0, 0.0, 0.0, 0.0, 0.0, 0.0, 4.0, 0.0, 0.0, 0.0, 0.0, 0.0, 0.0, 0.0, 0.0, 0.0, 0.0, 0.0, 0.0, 0.0, 0.0, 0.0]
   Top 3 Chromosomes
   1. [9, 9, 9, 0, 8, 9, 0, 0]
   2. [6, 5, 2, 1, 9, 9, 0, 4]
   3. [9, 5, 1, 1, 8, 7, 2, 3]
   Max Fitness Value Output of population: 26.0

-- Generation 5 --
   Re-evaluated 71 chromosomes
   Chromosomes in the next generation 100
   Order of Most Fit Chromosome: [33.0, 15.0, 19.0, 23.0, 16.0, 21.0, 10.0, 23.0, 15.0, 15.0, 15.0, 14.0, 13.0, 13.0, 13.0, 12.0, 12.0, 11.0, 11.0, 10.0, 10.0, 9.0, 9.0, 8.0, 8.0, 0.0, 9.0, 7.0, 7.0, 7.0, 6.0, 7.0, 6.0, 6.0, 7.0, 5.0, 3.0, 6.0, 13.0, 0.0, 6.0, 2.0, 9.0, 0.0, 3.0, 3.0, 4.0, 1.0, 0.0, 9.0, 2.0, 1.0, 5.0, 0.0, 0.0, 0.0, 0.0, 0.0, 1.0, 0.0, 18.0, 0.0, 0.0, 2.0, 0.0, 0.0, 0.0, 0.0, 0.0, 1.0, 0.0, 0.0, 4.0, 0.0, 0.0, 0.0, 0.0, 0.0, 0.0, 0.0, 0.0, 0.0, 0.0, 0.0, 0.0, 0.0, 0.0, 6.0, 0.0, 0.0, 0.0, 0.0, 0.0, 0.0, 0.0, 0.0, 0.0, 0.0, 0.0, 0.0]
   Top 3 Chromosomes
   1. [9, 9, 2, 1, 9, 9, 0, 0]
   2. [6, 9, 1, 1, 8, 7, 2, 3]
   3. [7, 5, 2, 2, 8, 7, 0, 0]
   Max Fitness Value Output of population: 33.0

-- Generation 6 --
   Re-evaluated 67 chromosomes
   Chromosomes in the next generation 100
   Order of Most Fit Chromosome: [33.0, 23.0, 19.0, 25.0, 19.0, 18.0, 16.0, 15.0, 6.0, 15.0, 15.0, 14.0, 0.0, 21.0, 13.0, 19.0, 9.0, 15.0, 11.0, 11.0, 10.0, 10.0, 10.0, 9.0, 9.0, 8.0, 8.0, 10.0, 7.0, 9.0, 3.0, 19.0, 7.0, 7.0, 7.0, 6.0, 7.0, 5.0, 8.0, 0.0, 6.0, 5.0, 5.0, 4.0, 4.0, 3.0, 2.0, 4.0, 2.0, 2.0, 10.0, 0.0, 0.0, 5.0, 1.0, 1.0, 0.0, 0.0, 0.0, 0.0, 0.0, 0.0, 0.0, 0.0, 0.0, 0.0, 0.0, 0.0, 0.0, 1.0, 0.0, 0.0, 5.0, 0.0, 0.0, 0.0, 0.0, 0.0, 0.0, 0.0, 0.0, 0.0, 0.0, 0.0, 0.0, 0.0, 0.0, 0.0, 0.0, 0.0, 0.0, 0.0, 0.0, 0.0, 0.0, 0.0, 0.0, 0.0, 0.0, 6.0]
   Top 3 Chromosomes
   1. [9, 9, 2, 1, 9, 9, 0, 0]
   2. [1, 9, 0, 0, 8, 7, 0, 0]
   3. [6, 9, 1, 1, 8, 7, 2, 3]
   Max Fitness Value Output of population: 33.0

-- Generation 7 --
   Re-evaluated 55 chromosomes
   Chromosomes in the next generation 100
   Order of Most Fit Chromosome: [33.0, 25.0, 23.0, 21.0, 19.0, 19.0, 19.0, 19.0, 18.0, 16.0, 15.0, 15.0, 15.0, 15.0, 9.0, 18.0, 11.0, 11.0, 10.0, 10.0, 10.0, 10.0, 11.0, 6.0, 9.0, 9.0, 9.0, 8.0, 8.0, 8.0, 6.0, 8.0, 5.0, 9.0, 13.0, 0.0, 6.0, 6.0, 8.0, 3.0, 13.0, 0.0, 8.0, 2.0, 4.0, 4.0, 0.0, 9.0, 3.0, 2.0, 0.0, 11.0, 1.0, 1.0, 0.0, 6.0, 0.0, 0.0, 0.0, 0.0, 0.0, 0.0, 0.0, 0.0, 0.0, 0.0, 0.0, 2.0, 0.0, 0.0, 0.0, 0.0, 0.0, 0.0, 0.0, 0.0, 0.0, 0.0, 0.0, 2.0, 0.0, 0.0, 0.0, 0.0, 0.0, 0.0, 0.0, 0.0, 0.0, 0.0, 0.0, 0.0, 1.0, 0.0, 0.0, 0.0, 0.0, 0.0, 0.0, 0.0]
   Top 3 Chromosomes
   1. [9, 9, 2, 1, 9, 9, 0, 0]
   2. [1, 9, 0, 0, 8, 7, 0, 0]
   3. [6, 9, 1, 1, 8, 7, 2, 3]
   Max Fitness Value Output of population: 33.0

-- Generation 8 --
   Re-evaluated 65 chromosomes
   Chromosomes in the next generation 100
   Order of Most Fit Chromosome: [33.0, 25.0, 21.0, 23.0, 15.0, 23.0, 19.0, 11.0, 18.0, 18.0, 16.0, 15.0, 15.0, 15.0, 14.0, 14.0, 12.0, 11.0, 16.0, 6.0, 11.0, 10.0, 11.0, 9.0, 8.0, 11.0, 14.0, 4.0, 9.0, 9.0, 9.0, 8.0, 8.0, 8.0, 5.0, 11.0, 17.0, 0.0, 1.0, 11.0, 6.0, 6.0, 5.0, 4.0, 4.0, 3.0, 3.0, 2.0, 2.0, 2.0, 0.0, 8.0, 1.0, 1.0, 0.0, 0.0, 0.0, 0.0, 0.0, 0.0, 0.0, 0.0, 0.0, 0.0, 0.0, 0.0, 0.0, 0.0, 0.0, 0.0, 0.0, 0.0, 0.0, 0.0, 0.0, 0.0, 0.0, 0.0, 0.0, 0.0, 0.0, 0.0, 0.0, 0.0, 0.0, 0.0, 0.0, 0.0, 0.0, 0.0, 0.0, 0.0, 0.0, 0.0, 0.0, 0.0, 0.0, 0.0, 0.0, 0.0]
   Top 3 Chromosomes
   1. [9, 9, 2, 1, 9, 9, 0, 0]
   2. [1, 9, 0, 0, 8, 7, 0, 0]
   3. [5, 9, 1, 1, 8, 7, 2, 2]
   Max Fitness Value Output of population: 33.0

-- Generation 9 --
   Re-evaluated 62 chromosomes
   Chromosomes in the next generation 100
   Order of Most Fit Chromosome: [33.0, 25.0, 23.0, 23.0, 19.0, 21.0, 18.0, 18.0, 20.0, 13.0, 16.0, 15.0, 15.0, 15.0, 18.0, 11.0, 18.0, 10.0, 3.0, 11.0, 3.0, 19.0, 11.0, 9.0, 12.0, 10.0, 11.0, 8.0, 9.0, 9.0, 11.0, 6.0, 8.0, 8.0, 9.0, 7.0, 5.0, 7.0, 0.0, 18.0, 5.0, 4.0, 0.0, 9.0, 3.0, 3.0, 2.0, 2.0, 4.0, 4.0, 1.0, 1.0, 0.0, 0.0, 0.0, 0.0, 0.0, 0.0, 1.0, 0.0, 0.0, 0.0, 0.0, 0.0, 0.0, 0.0, 0.0, 0.0, 0.0, 0.0, 0.0, 0.0, 0.0, 0.0, 0.0, 0.0, 0.0, 0.0, 0.0, 3.0, 0.0, 0.0, 0.0, 1.0, 0.0, 0.0, 0.0, 0.0, 0.0, 0.0, 0.0, 0.0, 0.0, 0.0, 0.0, 0.0, 0.0, 0.0, 0.0, 0.0]
   Top 3 Chromosomes
   1. [9, 9, 2, 0, 8, 9, 0, 0]
   2. [1, 9, 0, 1, 9, 7, 0, 0]
   3. [5, 9, 1, 1, 8, 7, 2, 2]
   Max Fitness Value Output of population: 33.0

-- Generation 10 --
   Re-evaluated 50 chromosomes
   Chromosomes in the next generation 100
   Order of Most Fit Chromosome: [33.0, 25.0, 23.0, 23.0, 21.0, 20.0, 19.0, 19.0, 23.0, 13.0, 18.0, 18.0, 18.0, 16.0, 20.0, 10.0, 15.0, 13.0, 9.0, 14.0, 11.0, 11.0, 9.0, 7.0, 10.0, 10.0, 9.0, 9.0, 9.0, 9.0, 8.0, 9.0, 7.0, 9.0, 12.0, 2.0, 6.0, 5.0, 5.0, 4.0, 4.0, 4.0, 3.0, 3.0, 7.0, 0.0, 3.0, 2.0, 2.0, 2.0, 1.0, 1.0, 1.0, 0.0, 0.0, 0.0, 0.0, 0.0, 0.0, 0.0, 0.0, 0.0, 0.0, 0.0, 0.0, 1.0, 3.0, 0.0, 0.0, 0.0, 0.0, 0.0, 0.0, 0.0, 0.0, 0.0, 0.0, 0.0, 0.0, 0.0, 0.0, 0.0, 0.0, 0.0, 0.0, 0.0, 0.0, 0.0, 0.0, 0.0, 0.0, 0.0, 0.0, 0.0, 0.0, 0.0, 0.0, 0.0, 0.0, 0.0]
   Top 3 Chromosomes
   1. [9, 9, 2, 0, 8, 9, 0, 0]
   2. [1, 9, 0, 1, 9, 7, 0, 0]
   3. [5, 9, 1, 2, 7, 7, 0, 2]
   Max Fitness Value Output of population: 33.0
-- End of (successful) evolution --

Best chromosome is [9, 9, 2, 0, 8, 9, 0, 0], (33.0,)
